[cam_1]
name = "1"
size = [ 1913.79, 1085.758,]
matrix = [ [ 774.534, 0.0, 956.895,], [ 0.0, 773.439, 542.879,], [ 0.0, 0.0, 1.0,],]
distortions = [ 0.015, -0.014, 0.006, -0.003,]
rotation = [ 0.804, 2.228, -1.303,]
translation = [ 0.334, 0.115, 4.523,]
fisheye = false

[cam_2]
name = "2"
size = [ 1913.79, 1085.758,]
matrix = [ [ 774.534, 0.0, 956.895,], [ 0.0, 773.439, 542.879,], [ 0.0, 0.0, 1.0,],]
distortions = [ 0.015, -0.014, 0.006, -0.003,]
rotation = [ 1.976, -0.606, 0.51,]
translation = [ -0.147, 0.239, 4.258,]
fisheye = false

[cam_3]
name = "3"
size = [ 1913.79, 1085.758,]
matrix = [ [ 774.534, 0.0, 956.895,], [ 0.0, 773.439, 542.879,], [ 0.0, 0.0, 1.0,],]
distortions = [ 0.015, -0.014, 0.006, -0.003,]
rotation = [ 1.761, 0.788, -0.522,]
translation = [ 0.219, 0.697, 4.676,]
fisheye = false

[cam_4]
name = "4"
size = [ 1913.79, 1085.758,]
matrix = [ [ 774.534, 0.0, 956.895,], [ 0.0, 773.439, 542.879,], [ 0.0, 0.0, 1.0,],]
distortions = [ 0.015, -0.014, 0.006, -0.003,]
rotation = [ 1.064, -2.142, 1.257,]
translation = [ 0.635, 0.29, 3.885,]
fisheye = false

[metadata]
adjusted = false
error = 0.0
