[cam_1]
name = "1"
size = [ 1913.79, 1085.758,]
matrix = [ [ 774.534, 0.0, 956.895,], [ 0.0, 773.439, 542.879,], [ 0.0, 0.0, 1.0,],]
distortions = [ 0.015, -0.014, 0.006, -0.003,]
rotation = [ 1.906, -0.503, 0.422,]
translation = [ -0.138, 0.817, 3.642,]
fisheye = false

[cam_2]
name = "2"
size = [ 1913.79, 1085.758,]
matrix = [ [ 774.534, 0.0, 956.895,], [ 0.0, 773.439, 542.879,], [ 0.0, 0.0, 1.0,],]
distortions = [ 0.015, -0.014, 0.006, -0.003,]
<<<<<<< HEAD
rotation = [ -0.493, 1.416, 2.233,]
translation = [ -0.827, 2.157, 5.454,]
=======
rotation = [ 0.679, -2.348, 1.498,]
translation = [ -0.529, 0.373, 4.153,]
>>>>>>> merge_temp
fisheye = false

[cam_3]
name = "3"
size = [ 1913.79, 1085.758,]
matrix = [ [ 774.534, 0.0, 956.895,], [ 0.0, 773.439, 542.879,], [ 0.0, 0.0, 1.0,],]
distortions = [ 0.015, -0.014, 0.006, -0.003,]
<<<<<<< HEAD
rotation = [ -0.143, -1.284, -2.32,]
translation = [ -1.0, 0.668, 6.478,]
=======
rotation = [ 0.785, 2.19, -1.246,]
translation = [ -0.27, -0.045, 4.75,]
>>>>>>> merge_temp
fisheye = false

[cam_4]
name = "4"
size = [ 1913.79, 1085.758,]
matrix = [ [ 774.534, 0.0, 956.895,], [ 0.0, 773.439, 542.879,], [ 0.0, 0.0, 1.0,],]
distortions = [ 0.015, -0.014, 0.006, -0.003,]
<<<<<<< HEAD
rotation = [ -1.078, 0.048, 0.01,]
translation = [ -0.854, 1.06, 6.93,]
=======
rotation = [ 1.772, 0.496, -0.316,]
translation = [ -1.25, 1.092, 4.075,]
>>>>>>> merge_temp
fisheye = false

[metadata]
adjusted = false
error = 0.0
