[cam_1]
name = "1"
size = [ 1913.79, 1085.758,]
matrix = [ [ 774.534, 0.0, 956.895,], [ 0.0, 773.439, 542.879,], [ 0.0, 0.0, 1.0,],]
distortions = [ 0.015, -0.014, 0.006, -0.003,]
rotation = [ 1.959, -0.874, 0.685,]
translation = [ -0.656, 1.107, 2.233,]
fisheye = false

[cam_2]
name = "2"
size = [ 1913.79, 1085.758,]
matrix = [ [ 774.534, 0.0, 956.895,], [ 0.0, 773.439, 542.879,], [ 0.0, 0.0, 1.0,],]
distortions = [ 0.015, -0.014, 0.006, -0.003,]
rotation = [ 2.041, 0.438, -0.23,]
translation = [ -0.447, 0.987, 2.575,]
fisheye = false

[cam_3]
name = "3"
size = [ 1913.79, 1085.758,]
matrix = [ [ 774.534, 0.0, 956.895,], [ 0.0, 773.439, 542.879,], [ 0.0, 0.0, 1.0,],]
distortions = [ 0.015, -0.014, 0.006, -0.003,]
rotation = [ 1.1, 2.385, -1.533,]
translation = [ 0.15, 0.505, 3.397,]
fisheye = false

[cam_4]
name = "4"
size = [ 1913.79, 1085.758,]
matrix = [ [ 774.534, 0.0, 956.895,], [ 0.0, 773.439, 542.879,], [ 0.0, 0.0, 1.0,],]
distortions = [ 0.015, -0.014, 0.006, -0.003,]
rotation = [ 0.546, -2.571, 1.381,]
translation = [ 0.267, 0.442, 3.129,]
fisheye = false

[metadata]
adjusted = false
error = 0.0
