[cam_1]
name = "1"
size = [ 1913.79, 1085.758,]
matrix = [ [ 774.534, 0.0, 956.895,], [ 0.0, 773.439, 542.879,], [ 0.0, 0.0, 1.0,],]
distortions = [ 0.015, -0.014, 0.006, -0.003,]
rotation = [ 2.038, -0.898, 0.322,]
translation = [ 0.273, 1.064, 2.351,]
fisheye = false

[cam_2]
name = "2"
size = [ 1913.79, 1085.758,]
matrix = [ [ 774.534, 0.0, 956.895,], [ 0.0, 773.439, 542.879,], [ 0.0, 0.0, 1.0,],]
distortions = [ 0.015, -0.014, 0.006, -0.003,]
rotation = [ 1.242, -2.198, 1.111,]
translation = [ 0.822, 0.592, 2.83,]
fisheye = false

[cam_3]
name = "3"
size = [ 1913.79, 1085.758,]
matrix = [ [ 774.534, 0.0, 956.895,], [ 0.0, 773.439, 542.879,], [ 0.0, 0.0, 1.0,],]
distortions = [ 0.015, -0.014, 0.006, -0.003,]
rotation = [ 0.722, 2.464, -1.193,]
translation = [ -0.288, 0.301, 3.081,]
fisheye = false

[cam_4]
name = "4"
size = [ 1913.79, 1085.758,]
matrix = [ [ 774.534, 0.0, 956.895,], [ 0.0, 773.439, 542.879,], [ 0.0, 0.0, 1.0,],]
distortions = [ 0.015, -0.014, 0.006, -0.003,]
rotation = [ 2.12, 1.009, -0.564,]
translation = [ -0.087, 0.823, 2.661,]
fisheye = false

[metadata]
adjusted = false
error = 0.0
