%YAML:1.0
---
names:
  - "1"
  - "2"
  - "3"
  - "4"
R_1: !!opencv-matrix
  rows: 3
  cols: 1
  dt: d
  data: [2.038, 0.959, -0.525]
Rot_1: !!opencv-matrix
  rows: 3
  cols: 3
  dt: d
  data: [0.626, 0.780, -0.029, 0.445, -0.388, -0.807, -0.641, 0.492, -0.590]
T_1: !!opencv-matrix
  rows: 3
  cols: 1
  dt: d
  data: [0.632, 0.083, 3.504]
R_2: !!opencv-matrix
  rows: 3
  cols: 1
  dt: d
  data: [1.097, 2.392, -1.252]
Rot_2: !!opencv-matrix
  rows: 3
  cols: 3
  dt: d
  data: [-0.695, 0.707, -0.134, 0.513, 0.356, -0.781, -0.504, -0.611, -0.610]
T_2: !!opencv-matrix
  rows: 3
  cols: 1
  dt: d
  data: [-0.251, -0.193, 3.826]
R_3: !!opencv-matrix
  rows: 3
  cols: 1
  dt: d
  data: [2.061, -0.916, 0.653]
Rot_3: !!opencv-matrix
  rows: 3
  cols: 3
  dt: d
  data: [0.609, -0.781, 0.137, -0.384, -0.442, -0.810, 0.694, 0.441, -0.569]
T_3: !!opencv-matrix
  rows: 3
  cols: 1
  dt: d
  data: [-1.059, 0.126, 3.312]
R_4: !!opencv-matrix
  rows: 3
  cols: 1
  dt: d
  data: [1.258, -2.199, 1.086]
Rot_4: !!opencv-matrix
  rows: 3
  cols: 3
  dt: d
  data: [-0.526, -0.849, 0.046, -0.553, 0.300, -0.777, 0.646, -0.434, -0.628]
T_4: !!opencv-matrix
  rows: 3
  cols: 1
  dt: d
  data: [1.329, -0.004, 3.506]
