%YAML:1.0
---
names:
  - "1"
  - "2"
  - "3"
  - "4"
R_1: !!opencv-matrix
  rows: 3
  cols: 1
  dt: d
  data: [1.911, 0.688, -0.440]
Rot_1: !!opencv-matrix
  rows: 3
  cols: 3
  dt: d
  data: [0.770, 0.637, -0.000, 0.267, -0.323, -0.908, -0.579, 0.699, -0.419]
T_1: !!opencv-matrix
  rows: 3
  cols: 1
  dt: d
  data: [0.005, 0.407, 4.288]
R_2: !!opencv-matrix
  rows: 3
  cols: 1
  dt: d
  data: [0.872, 2.214, -1.249]
Rot_2: !!opencv-matrix
  rows: 3
  cols: 3
  dt: d
  data: [-0.699, 0.711, 0.075, 0.304, 0.390, -0.869, -0.648, -0.585, -0.489]
T_2: !!opencv-matrix
  rows: 3
  cols: 1
  dt: d
  data: [-0.550, -0.171, 4.669]
R_3: !!opencv-matrix
  rows: 3
  cols: 1
  dt: d
  data: [0.887, -2.296, 1.318]
Rot_3: !!opencv-matrix
  rows: 3
  cols: 3
  dt: d
  data: [-0.744, -0.668, 0.009, -0.345, 0.372, -0.862, 0.572, -0.644, -0.507]
T_3: !!opencv-matrix
  rows: 3
  cols: 1
  dt: d
  data: [0.976, 0.135, 3.971]
R_4: !!opencv-matrix
  rows: 3
  cols: 1
  dt: d
  data: [1.958, -0.703, 0.410]
Rot_4: !!opencv-matrix
  rows: 3
  cols: 3
  dt: d
  data: [0.776, -0.631, -0.011, -0.301, -0.355, -0.885, 0.554, 0.690, -0.465]
T_4: !!opencv-matrix
  rows: 3
  cols: 1
  dt: d
  data: [-0.450, 0.487, 3.661]
