%YAML:1.0
---
names:
  - "1"
  - "2"
  - "3"
  - "4"
R_1: !!opencv-matrix
  rows: 3
  cols: 1
  dt: d
  data: [2.038, 0.959, -0.525]
Rot_1: !!opencv-matrix
  rows: 3
  cols: 3
  dt: d
  data: [0.626, 0.780, -0.029, 0.445, -0.388, -0.807, -0.641, 0.492, -0.590]
T_1: !!opencv-matrix
  rows: 3
  cols: 1
  dt: d
  data: [0.632, 0.083, 3.504]
R_2: !!opencv-matrix
  rows: 3
  cols: 1
  dt: d
  data: [-1.868, -0.649, 0.106]
Rot_2: !!opencv-matrix
  rows: 3
  cols: 3
  dt: d
  data: [0.846, 0.383, -0.371, 0.481, -0.248, 0.841, 0.230, -0.890, -0.394]
T_2: !!opencv-matrix
  rows: 3
  cols: 1
  dt: d
  data: [-0.360, 0.027, 1.804]
R_3: !!opencv-matrix
  rows: 3
  cols: 1
  dt: d
  data: [-0.826, -0.549, -0.769]
Rot_3: !!opencv-matrix
  rows: 3
  cols: 3
  dt: d
  data: [0.609, 0.781, -0.138, -0.384, 0.442, 0.810, 0.694, -0.441, 0.569]
T_3: !!opencv-matrix
  rows: 3
  cols: 1
  dt: d
  data: [-1.738, -0.259, 3.696]
R_4: !!opencv-matrix
  rows: 3
  cols: 1
  dt: d
  data: [-1.304, 0.162, -0.030]
Rot_4: !!opencv-matrix
  rows: 3
  cols: 3
  dt: d
  data: [0.988, -0.069, 0.136, -0.113, 0.265, 0.958, -0.102, -0.962, 0.254]
T_4: !!opencv-matrix
  rows: 3
  cols: 1
  dt: d
  data: [0.174, -0.104, 1.699]
