%YAML:1.0
---
names:
  - "1"
  - "2"
  - "3"
  - "4"
R_1: !!opencv-matrix
  rows: 3
  cols: 1
  dt: d
  data: [0.953, -2.312, 1.319]
Rot_1: !!opencv-matrix
  rows: 3
  cols: 3
  dt: d
  data: [-0.729, -0.682, 0.054, -0.394, 0.354, -0.849, 0.559, -0.640, -0.526]
T_1: !!opencv-matrix
  rows: 3
  cols: 1
  dt: d
  data: [2.185, 1.048, 6.356]
R_2: !!opencv-matrix
  rows: 3
  cols: 1
  dt: d
  data: [1.963, 0.603, -0.301]
Rot_2: !!opencv-matrix
  rows: 3
  cols: 3
  dt: d
  data: [0.843, 0.535, 0.051, 0.281, -0.358, -0.890, -0.458, 0.765, -0.453]
T_2: !!opencv-matrix
  rows: 3
  cols: 1
  dt: d
  data: [0.027, 1.268, 6.359]
R_3: !!opencv-matrix
  rows: 3
  cols: 1
  dt: d
  data: [1.985, -0.528, 0.298]
Rot_3: !!opencv-matrix
  rows: 3
  cols: 3
  dt: d
  data: [0.873, -0.487, -0.019, -0.235, -0.388, -0.891, 0.426, 0.783, -0.453]
T_3: !!opencv-matrix
  rows: 3
  cols: 1
  dt: d
  data: [-0.700, 1.131, 5.783]
R_4: !!opencv-matrix
  rows: 3
  cols: 1
  dt: d
  data: [0.917, 2.385, -1.375]
Rot_4: !!opencv-matrix
  rows: 3
  cols: 3
  dt: d
  data: [-0.774, 0.625, -0.099, 0.399, 0.361, -0.843, -0.491, -0.693, -0.529]
T_4: !!opencv-matrix
  rows: 3
  cols: 1
  dt: d
  data: [-0.367, 0.627, 6.726]
