%YAML:1.0
---
names:
  - "1"
  - "2"
  - "3"
  - "4"
R_1: !!opencv-matrix
  rows: 3
  cols: 1
  dt: d
  data: [2.000, 0.890, -0.353]
Rot_1: !!opencv-matrix
  rows: 3
  cols: 3
  dt: d
  data: [0.701, 0.708, 0.090, 0.453, -0.345, -0.822, -0.551, 0.617, -0.562]
T_1: !!opencv-matrix
  rows: 3
  cols: 1
  dt: d
  data: [-1.428, -0.184, 3.843]
R_2: !!opencv-matrix
  rows: 3
  cols: 1
  dt: d
  data: [0.845, -2.309, 1.290]
Rot_2: !!opencv-matrix
  rows: 3
  cols: 3
  dt: d
  data: [-0.755, -0.655, -0.024, -0.324, 0.404, -0.856, 0.570, -0.639, -0.517]
T_2: !!opencv-matrix
  rows: 3
  cols: 1
  dt: d
  data: [-0.501, -0.124, 4.297]
R_3: !!opencv-matrix
  rows: 3
  cols: 1
  dt: d
  data: [0.998, 2.253, -1.028]
Rot_3: !!opencv-matrix
  rows: 3
  cols: 3
  dt: d
  data: [-0.626, 0.771, 0.111, 0.421, 0.455, -0.784, -0.656, -0.445, -0.610]
T_3: !!opencv-matrix
  rows: 3
  cols: 1
  dt: d
  data: [-0.130, -0.472, 4.120]
R_4: !!opencv-matrix
  rows: 3
  cols: 1
  dt: d
  data: [1.923, -1.016, 0.508]
Rot_4: !!opencv-matrix
  rows: 3
  cols: 3
  dt: d
  data: [0.582, -0.812, -0.043, -0.454, -0.281, -0.846, 0.675, 0.512, -0.532]
T_4: !!opencv-matrix
  rows: 3
  cols: 1
  dt: d
  data: [1.071, 0.138, 3.630]
