%YAML:1.0
---
names:
  - "1"
  - "2"
  - "3"
  - "4"
R_1: !!opencv-matrix
  rows: 3
  cols: 1
  dt: d
  data: [1.979, -0.735, 0.458]
Rot_1: !!opencv-matrix
  rows: 3
  cols: 3
  dt: d
  data: [0.750, -0.661, 0.020, -0.309, -0.376, -0.874, 0.585, 0.649, -0.486]
T_1: !!opencv-matrix
  rows: 3
  cols: 1
  dt: d
  data: [-0.937, 0.516, 3.450]
R_2: !!opencv-matrix
  rows: 3
  cols: 1
  dt: d
  data: [1.129, -2.271, 1.228]
Rot_2: !!opencv-matrix
  rows: 3
  cols: 3
  dt: d
  data: [-0.635, -0.768, 0.083, -0.490, 0.317, -0.812, 0.597, -0.556, -0.578]
T_2: !!opencv-matrix
  rows: 3
  cols: 1
  dt: d
  data: [1.408, 0.135, 3.655]
R_3: !!opencv-matrix
  rows: 3
  cols: 1
  dt: d
  data: [1.002, 2.110, -1.295]
Rot_3: !!opencv-matrix
  rows: 3
  cols: 3
  dt: d
  data: [-0.625, 0.780, 0.014, 0.340, 0.289, -0.895, -0.702, -0.555, -0.446]
T_3: !!opencv-matrix
  rows: 3
  cols: 1
  dt: d
  data: [-1.161, 0.312, 4.069]
R_4: !!opencv-matrix
  rows: 3
  cols: 1
  dt: d
  data: [2.108, 0.766, -0.439]
Rot_4: !!opencv-matrix
  rows: 3
  cols: 3
  dt: d
  data: [0.753, 0.657, -0.040, 0.367, -0.470, -0.803, -0.546, 0.590, -0.595]
T_4: !!opencv-matrix
  rows: 3
  cols: 1
  dt: d
  data: [0.517, -0.049, 3.626]
