%YAML:1.0
---
names:
  - "1"
  - "2"
  - "3"
  - "4"
R_1: !!opencv-matrix
  rows: 3
  cols: 1
  dt: d
  data: [1.906, -0.503, 0.422]
Rot_1: !!opencv-matrix
  rows: 3
  cols: 3
  dt: d
  data: [0.848, -0.527, 0.058, -0.149, -0.342, -0.928, 0.509, 0.778, -0.368]
T_1: !!opencv-matrix
  rows: 3
  cols: 1
  dt: d
  data: [-0.138, 0.817, 3.642]
R_2: !!opencv-matrix
  rows: 3
  cols: 1
  dt: d
  data: [0.679, -2.348, 1.498]
Rot_2: !!opencv-matrix
  rows: 3
  cols: 3
  dt: d
  data: [-0.852, -0.522, 0.021, -0.239, 0.354, -0.904, 0.465, -0.776, -0.426]
T_2: !!opencv-matrix
  rows: 3
  cols: 1
  dt: d
  data: [-0.529, 0.373, 4.153]
R_3: !!opencv-matrix
  rows: 3
  cols: 1
  dt: d
  data: [0.785, 2.190, -1.246]
Rot_3: !!opencv-matrix
  rows: 3
  cols: 3
  dt: d
  data: [-0.710, 0.691, 0.136, 0.236, 0.416, -0.878, -0.663, -0.592, -0.458]
T_3: !!opencv-matrix
  rows: 3
  cols: 1
  dt: d
  data: [-0.270, -0.045, 4.750]
R_4: !!opencv-matrix
  rows: 3
  cols: 1
  dt: d
  data: [1.772, 0.496, -0.316]
Rot_4: !!opencv-matrix
  rows: 3
  cols: 3
  dt: d
  data: [0.872, 0.488, 0.046, 0.164, -0.201, -0.966, -0.462, 0.849, -0.255]
T_4: !!opencv-matrix
  rows: 3
  cols: 1
  dt: d
  data: [-1.250, 1.092, 4.075]
