%YAML:1.0
---
names:
  - "1"
  - "2"
  - "3"
  - "4"
R_1: !!opencv-matrix
  rows: 3
  cols: 1
  dt: d
  data: [2.198, -0.559, 0.121]
Rot_1: !!opencv-matrix
  rows: 3
  cols: 3
  dt: d
  data: [0.896, -0.432, -0.103, -0.351, -0.545, -0.761, 0.273, 0.718, -0.640]
T_1: !!opencv-matrix
  rows: 3
  cols: 1
  dt: d
  data: [0.685, 0.877, 2.287]
R_2: !!opencv-matrix
  rows: 3
  cols: 1
  dt: d
  data: [1.983, 1.124, -0.383]
Rot_2: !!opencv-matrix
  rows: 3
  cols: 3
  dt: d
  data: [0.558, 0.821, 0.121, 0.577, -0.278, -0.768, -0.597, 0.498, -0.629]
T_2: !!opencv-matrix
  rows: 3
  cols: 1
  dt: d
  data: [-0.409, 0.449, 2.768]
R_3: !!opencv-matrix
  rows: 3
  cols: 1
  dt: d
  data: [0.407, -2.537, 1.078]
Rot_3: !!opencv-matrix
  rows: 3
  cols: 3
  dt: d
  data: [-0.896, -0.392, -0.207, -0.123, 0.669, -0.733, 0.426, -0.632, -0.647]
T_3: !!opencv-matrix
  rows: 3
  cols: 1
  dt: d
  data: [0.931, 0.169, 3.120]
R_4: !!opencv-matrix
  rows: 3
  cols: 1
  dt: d
  data: [1.288, 2.228, -0.911]
Rot_4: !!opencv-matrix
  rows: 3
  cols: 3
  dt: d
  data: [-0.490, 0.871, 0.025, 0.604, 0.360, -0.711, -0.629, -0.333, -0.703]
T_4: !!opencv-matrix
  rows: 3
  cols: 1
  dt: d
  data: [-0.914, -0.306, 3.472]
