%YAML:1.0
---
names:
  - "1"
  - "2"
  - "3"
  - "4"
R_1: !!opencv-matrix
  rows: 3
  cols: 1
  dt: d
  data: [2.088, -0.713, 0.384]
Rot_1: !!opencv-matrix
  rows: 3
  cols: 3
  dt: d
  data: [0.788, -0.615, 0.009, -0.346, -0.456, -0.820, 0.509, 0.643, -0.572]
T_1: !!opencv-matrix
  rows: 3
  cols: 1
  dt: d
  data: [0.190, -0.197, 3.953]
R_2: !!opencv-matrix
  rows: 3
  cols: 1
  dt: d
  data: [2.111, 0.495, -0.400]
Rot_2: !!opencv-matrix
  rows: 3
  cols: 3
  dt: d
  data: [0.867, 0.489, -0.095, 0.196, -0.512, -0.836, -0.458, 0.707, -0.540]
T_2: !!opencv-matrix
  rows: 3
  cols: 1
  dt: d
  data: [-0.721, 0.016, 3.994]
R_3: !!opencv-matrix
  rows: 3
  cols: 1
  dt: d
  data: [0.930, -2.321, 1.197]
Rot_3: !!opencv-matrix
  rows: 3
  cols: 3
  dt: d
  data: [-0.715, -0.699, -0.022, -0.387, 0.422, -0.820, 0.582, -0.578, -0.572]
T_3: !!opencv-matrix
  rows: 3
  cols: 1
  dt: d
  data: [0.540, -0.120, 3.873]
R_4: !!opencv-matrix
  rows: 3
  cols: 1
  dt: d
  data: [1.010, 2.302, -1.205]
Rot_4: !!opencv-matrix
  rows: 3
  cols: 3
  dt: d
  data: [-0.684, 0.730, -0.018, 0.430, 0.383, -0.817, -0.590, -0.566, -0.576]
T_4: !!opencv-matrix
  rows: 3
  cols: 1
  dt: d
  data: [-0.592, -0.437, 4.353]
