%YAML:1.0
---
names:
  - "1"
  - "2"
  - "3"
  - "4"
R_1: !!opencv-matrix
  rows: 3
  cols: 1
  dt: d
  data: [0.681, 2.478, -1.197]
Rot_1: !!opencv-matrix
  rows: 3
  cols: 3
  dt: d
  data: [-0.841, 0.538, 0.066, 0.283, 0.539, -0.794, -0.462, -0.648, -0.605]
T_1: !!opencv-matrix
  rows: 3
  cols: 1
  dt: d
  data: [-0.066, 0.385, 2.999]
R_2: !!opencv-matrix
  rows: 3
  cols: 1
  dt: d
  data: [2.015, -0.956, 0.358]
Rot_2: !!opencv-matrix
  rows: 3
  cols: 3
  dt: d
  data: [0.666, -0.740, -0.096, -0.494, -0.342, -0.799, 0.558, 0.580, -0.594]
T_2: !!opencv-matrix
  rows: 3
  cols: 1
  dt: d
  data: [0.188, 1.012, 2.419]
R_3: !!opencv-matrix
  rows: 3
  cols: 1
  dt: d
  data: [2.143, 0.942, -0.534]
Rot_3: !!opencv-matrix
  rows: 3
  cols: 3
  dt: d
  data: [0.646, 0.759, -0.080, 0.459, -0.471, -0.754, -0.610, 0.450, -0.652]
T_3: !!opencv-matrix
  rows: 3
  cols: 1
  dt: d
  data: [0.020, 0.772, 2.716]
R_4: !!opencv-matrix
  rows: 3
  cols: 1
  dt: d
  data: [1.183, -2.243, 1.137]
Rot_4: !!opencv-matrix
  rows: 3
  cols: 3
  dt: d
  data: [-0.584, -0.810, 0.051, -0.520, 0.326, -0.790, 0.623, -0.488, -0.611]
T_4: !!opencv-matrix
  rows: 3
  cols: 1
  dt: d
  data: [0.711, 0.626, 2.763]
