%YAML:1.0
---
names:
  - "1"
  - "2"
  - "3"
  - "4"
R_1: !!opencv-matrix
  rows: 3
  cols: 1
  dt: d
  data: [2.071, 0.792, -0.325]
Rot_1: !!opencv-matrix
  rows: 3
  cols: 3
  dt: d
  data: [0.763, 0.643, 0.060, 0.416, -0.419, -0.807, -0.494, 0.641, -0.587]
T_1: !!opencv-matrix
  rows: 3
  cols: 1
  dt: d
  data: [-0.167, -0.330, 4.022]
R_2: !!opencv-matrix
  rows: 3
  cols: 1
  dt: d
  data: [1.156, 2.231, -1.260]
Rot_2: !!opencv-matrix
  rows: 3
  cols: 3
  dt: d
  data: [-0.617, 0.780, -0.101, 0.490, 0.280, -0.826, -0.616, -0.559, -0.555]
T_2: !!opencv-matrix
  rows: 3
  cols: 1
  dt: d
  data: [-0.954, -0.206, 4.327]
R_3: !!opencv-matrix
  rows: 3
  cols: 1
  dt: d
  data: [1.998, -0.760, 0.390]
Rot_3: !!opencv-matrix
  rows: 3
  cols: 3
  dt: d
  data: [0.758, -0.651, -0.030, -0.356, -0.375, -0.856, 0.546, 0.660, -0.516]
T_3: !!opencv-matrix
  rows: 3
  cols: 1
  dt: d
  data: [-0.039, 0.167, 3.782]
R_4: !!opencv-matrix
  rows: 3
  cols: 1
  dt: d
  data: [1.158, -2.152, 1.059]
Rot_4: !!opencv-matrix
  rows: 3
  cols: 3
  dt: d
  data: [-0.531, -0.846, -0.045, -0.480, 0.345, -0.807, 0.698, -0.407, -0.589]
T_4: !!opencv-matrix
  rows: 3
  cols: 1
  dt: d
  data: [1.214, -0.453, 4.169]
