%YAML:1.0
---
names:
  - "1"
  - "2"
  - "3"
  - "4"
R_1: !!opencv-matrix
  rows: 3
  cols: 1
  dt: d
  data: [2.116, 0.789, -0.228]
Rot_1: !!opencv-matrix
  rows: 3
  cols: 3
  dt: d
  data: [0.785, 0.609, 0.112, 0.456, -0.445, -0.771, -0.420, 0.657, -0.627]
T_1: !!opencv-matrix
  rows: 3
  cols: 1
  dt: d
  data: [-0.624, 0.459, 2.670]
R_2: !!opencv-matrix
  rows: 3
  cols: 1
  dt: d
  data: [1.036, -2.308, 1.202]
Rot_2: !!opencv-matrix
  rows: 3
  cols: 3
  dt: d
  data: [-0.677, -0.735, 0.033, -0.449, 0.377, -0.811, 0.583, -0.564, -0.585]
T_2: !!opencv-matrix
  rows: 3
  cols: 1
  dt: d
  data: [0.647, 0.590, 2.694]
R_3: !!opencv-matrix
  rows: 3
  cols: 1
  dt: d
  data: [0.756, 2.529, -1.105]
Rot_3: !!opencv-matrix
  rows: 3
  cols: 3
  dt: d
  data: [-0.824, 0.565, 0.044, 0.351, 0.571, -0.742, -0.444, -0.596, -0.669]
T_3: !!opencv-matrix
  rows: 3
  cols: 1
  dt: d
  data: [0.198, 0.134, 3.042]
R_4: !!opencv-matrix
  rows: 3
  cols: 1
  dt: d
  data: [2.051, -0.964, 0.653]
Rot_4: !!opencv-matrix
  rows: 3
  cols: 3
  dt: d
  data: [0.584, -0.803, 0.123, -0.412, -0.423, -0.807, 0.700, 0.420, -0.578]
T_4: !!opencv-matrix
  rows: 3
  cols: 1
  dt: d
  data: [-0.593, 0.773, 2.451]
