%YAML:1.0
---
names:
  - "1"
  - "2"
  - "3"
  - "4"
R_1: !!opencv-matrix
  rows: 3
  cols: 1
  dt: d
  data: [0.539, -2.458, 1.600]
Rot_1: !!opencv-matrix
  rows: 3
  cols: 3
  dt: d
  data: [-0.922, -0.381, 0.061, -0.210, 0.363, -0.908, 0.324, -0.850, -0.415]
T_1: !!opencv-matrix
  rows: 3
  cols: 1
  dt: d
  data: [-0.026, 0.056, 5.074]
R_2: !!opencv-matrix
  rows: 3
  cols: 1
  dt: d
  data: [1.946, -0.741, 0.544]
Rot_2: !!opencv-matrix
  rows: 3
  cols: 3
  dt: d
  data: [0.718, -0.693, 0.066, -0.271, -0.366, -0.891, 0.642, 0.621, -0.450]
T_2: !!opencv-matrix
  rows: 3
  cols: 1
  dt: d
  data: [-0.793, 0.412, 3.723]
R_3: !!opencv-matrix
  rows: 3
  cols: 1
  dt: d
  data: [1.900, 0.704, -0.378]
Rot_3: !!opencv-matrix
  rows: 3
  cols: 3
  dt: d
  data: [0.779, 0.625, 0.052, 0.301, -0.300, -0.905, -0.550, 0.721, -0.422]
T_3: !!opencv-matrix
  rows: 3
  cols: 1
  dt: d
  data: [-0.258, 0.552, 3.846]
R_4: !!opencv-matrix
  rows: 3
  cols: 1
  dt: d
  data: [0.531, 2.399, -1.539]
Rot_4: !!opencv-matrix
  rows: 3
  cols: 3
  dt: d
  data: [-0.905, 0.426, 0.007, 0.172, 0.378, -0.910, -0.390, -0.822, -0.415]
T_4: !!opencv-matrix
  rows: 3
  cols: 1
  dt: d
  data: [-0.173, -0.027, 5.297]
