%YAML:1.0
---
names:
  - "4"
R_4: !!opencv-matrix
  rows: 3
  cols: 1
  dt: d
  data: [1.231, -2.218, 1.098]
Rot_4: !!opencv-matrix
  rows: 3
  cols: 3
  dt: d
  data: [-0.547, -0.836, 0.046, -0.543, 0.313, -0.779, 0.637, -0.451, -0.625]
T_4: !!opencv-matrix
  rows: 3
  cols: 1
  dt: d
  data: [1.567, 0.029, 3.485]
