%YAML:1.0
---
names:
  - "1"
  - "2"
  - "3"
  - "4"
R_1: !!opencv-matrix
  rows: 3
  cols: 1
  dt: d
  data: [2.088, 0.854, -0.364]
Rot_1: !!opencv-matrix
  rows: 3
  cols: 3
  dt: d
  data: [0.727, 0.686, 0.041, 0.445, -0.424, -0.789, -0.524, 0.592, -0.613]
T_1: !!opencv-matrix
  rows: 3
  cols: 1
  dt: d
  data: [-0.053, 0.684, 2.545]
R_2: !!opencv-matrix
  rows: 3
  cols: 1
  dt: d
  data: [2.259, -0.748, 0.306]
Rot_2: !!opencv-matrix
  rows: 3
  cols: 3
  dt: d
  data: [0.803, -0.596, -0.002, -0.424, -0.568, -0.705, 0.419, 0.567, -0.709]
T_2: !!opencv-matrix
  rows: 3
  cols: 1
  dt: d
  data: [-0.039, 0.873, 2.106]
R_3: !!opencv-matrix
  rows: 3
  cols: 1
  dt: d
  data: [0.993, -2.375, 1.132]
Rot_3: !!opencv-matrix
  rows: 3
  cols: 3
  dt: d
  data: [-0.704, -0.710, 0.004, -0.450, 0.442, -0.776, 0.549, -0.548, -0.631]
T_3: !!opencv-matrix
  rows: 3
  cols: 1
  dt: d
  data: [0.562, 0.621, 2.579]
R_4: !!opencv-matrix
  rows: 3
  cols: 1
  dt: d
  data: [0.731, 2.542, -1.244]
Rot_4: !!opencv-matrix
  rows: 3
  cols: 3
  dt: d
  data: [-0.853, 0.522, -0.022, 0.337, 0.519, -0.786, -0.399, -0.677, -0.618]
T_4: !!opencv-matrix
  rows: 3
  cols: 1
  dt: d
  data: [-0.123, 0.336, 3.029]
