%YAML:1.0
---
names:
  - "1"
  - "2"
  - "3"
  - "4"
R_1: !!opencv-matrix
  rows: 3
  cols: 1
  dt: d
  data: [2.038, -0.898, 0.322]
Rot_1: !!opencv-matrix
  rows: 3
  cols: 3
  dt: d
  data: [0.707, -0.700, -0.100, -0.478, -0.369, -0.797, 0.521, 0.611, -0.595]
T_1: !!opencv-matrix
  rows: 3
  cols: 1
  dt: d
  data: [0.273, 1.064, 2.351]
R_2: !!opencv-matrix
  rows: 3
  cols: 1
  dt: d
  data: [1.242, -2.198, 1.111]
Rot_2: !!opencv-matrix
  rows: 3
  cols: 3
  dt: d
  data: [-0.537, -0.842, 0.051, -0.541, 0.297, -0.787, 0.648, -0.450, -0.615]
T_2: !!opencv-matrix
  rows: 3
  cols: 1
  dt: d
  data: [0.822, 0.592, 2.830]
R_3: !!opencv-matrix
  rows: 3
  cols: 1
  dt: d
  data: [0.722, 2.464, -1.193]
Rot_3: !!opencv-matrix
  rows: 3
  cols: 3
  dt: d
  data: [-0.825, 0.562, 0.056, 0.304, 0.526, -0.794, -0.476, -0.638, -0.605]
T_3: !!opencv-matrix
  rows: 3
  cols: 1
  dt: d
  data: [-0.288, 0.301, 3.081]
R_4: !!opencv-matrix
  rows: 3
  cols: 1
  dt: d
  data: [2.120, 1.009, -0.564]
Rot_4: !!opencv-matrix
  rows: 3
  cols: 3
  dt: d
  data: [0.600, 0.796, -0.081, 0.486, -0.442, -0.754, -0.636, 0.413, -0.652]
T_4: !!opencv-matrix
  rows: 3
  cols: 1
  dt: d
  data: [-0.087, 0.823, 2.661]
