%YAML:1.0
---
names:
  - "1"
  - "2"
  - "3"
  - "4"
R_1: !!opencv-matrix
  rows: 3
  cols: 1
  dt: d
  data: [1.910, 0.679, -0.515]
Rot_1: !!opencv-matrix
  rows: 3
  cols: 3
  dt: d
  data: [0.751, 0.658, -0.055, 0.231, -0.340, -0.912, -0.618, 0.672, -0.407]
T_1: !!opencv-matrix
  rows: 3
  cols: 1
  dt: d
  data: [0.467, 0.390, 4.282]
R_2: !!opencv-matrix
  rows: 3
  cols: 1
  dt: d
  data: [0.904, 2.218, -1.103]
Rot_2: !!opencv-matrix
  rows: 3
  cols: 3
  dt: d
  data: [-0.655, 0.743, 0.138, 0.338, 0.451, -0.826, -0.676, -0.494, -0.547]
T_2: !!opencv-matrix
  rows: 3
  cols: 1
  dt: d
  data: [-0.724, -0.216, 4.070]
R_3: !!opencv-matrix
  rows: 3
  cols: 1
  dt: d
  data: [1.999, -0.873, 0.570]
Rot_3: !!opencv-matrix
  rows: 3
  cols: 3
  dt: d
  data: [0.651, -0.756, 0.065, -0.364, -0.387, -0.847, 0.666, 0.528, -0.528]
T_3: !!opencv-matrix
  rows: 3
  cols: 1
  dt: d
  data: [-0.984, -0.173, 4.123]
R_4: !!opencv-matrix
  rows: 3
  cols: 1
  dt: d
  data: [1.023, -2.202, 1.193]
Rot_4: !!opencv-matrix
  rows: 3
  cols: 3
  dt: d
  data: [-0.634, -0.773, -0.026, -0.400, 0.356, -0.844, 0.662, -0.525, -0.535]
T_4: !!opencv-matrix
  rows: 3
  cols: 1
  dt: d
  data: [0.588, -0.002, 3.976]
