%YAML:1.0
---
names:
  - "1"
  - "2"
  - "3"
  - "4"
R_1: !!opencv-matrix
  rows: 3
  cols: 1
  dt: d
  data: [2.086, -0.757, 0.573]
Rot_1: !!opencv-matrix
  rows: 3
  cols: 3
  dt: d
  data: [0.715, -0.687, 0.130, -0.311, -0.479, -0.821, 0.626, 0.547, -0.557]
T_1: !!opencv-matrix
  rows: 3
  cols: 1
  dt: d
  data: [-1.714, -0.065, 3.589]
R_2: !!opencv-matrix
  rows: 3
  cols: 1
  dt: d
  data: [0.873, 2.384, -1.289]
Rot_2: !!opencv-matrix
  rows: 3
  cols: 3
  dt: d
  data: [-0.773, 0.634, -0.029, 0.371, 0.415, -0.831, -0.514, -0.653, -0.556]
T_2: !!opencv-matrix
  rows: 3
  cols: 1
  dt: d
  data: [-0.187, 0.222, 3.512]
R_3: !!opencv-matrix
  rows: 3
  cols: 1
  dt: d
  data: [0.764, -2.468, 1.378]
Rot_3: !!opencv-matrix
  rows: 3
  cols: 3
  dt: d
  data: [-0.843, -0.535, 0.064, -0.335, 0.427, -0.840, 0.421, -0.729, -0.539]
T_3: !!opencv-matrix
  rows: 3
  cols: 1
  dt: d
  data: [0.288, 0.274, 3.525]
R_4: !!opencv-matrix
  rows: 3
  cols: 1
  dt: d
  data: [2.074, 0.862, -0.378]
Rot_4: !!opencv-matrix
  rows: 3
  cols: 3
  dt: d
  data: [0.718, 0.695, 0.038, 0.442, -0.413, -0.796, -0.537, 0.589, -0.604]
T_4: !!opencv-matrix
  rows: 3
  cols: 1
  dt: d
  data: [0.863, -0.431, 4.161]
