%YAML:1.0
---
names:
  - "1"
  - "2"
  - "3"
  - "4"
R_1: !!opencv-matrix
  rows: 3
  cols: 1
  dt: d
  data: [0.805, -2.237, 1.431]
Rot_1: !!opencv-matrix
  rows: 3
  cols: 3
  dt: d
  data: [-0.771, -0.637, 0.000, -0.267, 0.323, -0.908, 0.579, -0.700, -0.419]
T_1: !!opencv-matrix
  rows: 3
  cols: 1
  dt: d
  data: [1.006, 0.281, 4.560]
R_2: !!opencv-matrix
  rows: 3
  cols: 1
  dt: d
  data: [1.982, -0.781, 0.556]
Rot_2: !!opencv-matrix
  rows: 3
  cols: 3
  dt: d
  data: [0.699, -0.711, 0.075, -0.304, -0.390, -0.869, 0.648, 0.585, -0.489]
T_2: !!opencv-matrix
  rows: 3
  cols: 1
  dt: d
  data: [-0.336, 0.344, 3.784]
R_3: !!opencv-matrix
  rows: 3
  cols: 1
  dt: d
  data: [1.989, 0.768, -0.427]
Rot_3: !!opencv-matrix
  rows: 3
  cols: 3
  dt: d
  data: [0.744, 0.668, 0.009, 0.345, -0.372, -0.862, -0.572, 0.644, -0.507]
T_3: !!opencv-matrix
  rows: 3
  cols: 1
  dt: d
  data: [-0.037, 0.258, 3.742]
R_4: !!opencv-matrix
  rows: 3
  cols: 1
  dt: d
  data: [0.822, 2.291, -1.390]
Rot_4: !!opencv-matrix
  rows: 3
  cols: 3
  dt: d
  data: [-0.776, 0.631, -0.011, 0.301, 0.355, -0.885, -0.554, -0.690, -0.465]
T_4: !!opencv-matrix
  rows: 3
  cols: 1
  dt: d
  data: [-0.548, 0.003, 4.582]
