%YAML:1.0
---
names:
  - "1"
  - "2"
  - "3"
  - "4"
R_1: !!opencv-matrix
  rows: 3
  cols: 1
  dt: d
  data: [1.083, 2.057, -1.149]
Rot_1: !!opencv-matrix
  rows: 3
  cols: 3
  dt: d
  data: [-0.530, 0.845, 0.071, 0.383, 0.313, -0.869, -0.757, -0.433, -0.489]
T_1: !!opencv-matrix
  rows: 3
  cols: 1
  dt: d
  data: [-1.228, -0.030, 4.349]
R_2: !!opencv-matrix
  rows: 3
  cols: 1
  dt: d
  data: [1.793, 0.882, -0.640]
Rot_2: !!opencv-matrix
  rows: 3
  cols: 3
  dt: d
  data: [0.594, 0.804, -0.028, 0.276, -0.237, -0.931, -0.755, 0.546, -0.363]
T_2: !!opencv-matrix
  rows: 3
  cols: 1
  dt: d
  data: [0.367, 0.680, 4.129]
R_3: !!opencv-matrix
  rows: 3
  cols: 1
  dt: d
  data: [1.710, -0.700, 0.593]
Rot_3: !!opencv-matrix
  rows: 3
  cols: 3
  dt: d
  data: [0.696, -0.718, 0.030, -0.148, -0.184, -0.972, 0.703, 0.672, -0.234]
T_3: !!opencv-matrix
  rows: 3
  cols: 1
  dt: d
  data: [-0.355, 1.276, 3.629]
R_4: !!opencv-matrix
  rows: 3
  cols: 1
  dt: d
  data: [1.143, -2.136, 1.190]
Rot_4: !!opencv-matrix
  rows: 3
  cols: 3
  dt: d
  data: [-0.562, -0.827, 0.016, -0.449, 0.289, -0.845, 0.694, -0.483, -0.534]
T_4: !!opencv-matrix
  rows: 3
  cols: 1
  dt: d
  data: [1.084, -0.082, 4.219]
