%YAML:1.0
---
names:
  - "1"
  - "2"
  - "3"
  - "4"
R_1: !!opencv-matrix
  rows: 3
  cols: 1
  dt: d
  data: [1.995, 1.054, -0.325]
Rot_1: !!opencv-matrix
  rows: 3
  cols: 3
  dt: d
  data: [0.613, 0.776, 0.145, 0.560, -0.298, -0.773, -0.557, 0.555, -0.618]
T_1: !!opencv-matrix
  rows: 3
  cols: 1
  dt: d
  data: [-0.699, 0.408, 2.777]
R_2: !!opencv-matrix
  rows: 3
  cols: 1
  dt: d
  data: [0.511, -2.498, 1.043]
Rot_2: !!opencv-matrix
  rows: 3
  cols: 3
  dt: d
  data: [-0.860, -0.467, -0.207, -0.181, 0.657, -0.732, 0.478, -0.591, -0.650]
T_2: !!opencv-matrix
  rows: 3
  cols: 1
  dt: d
  data: [0.959, 0.224, 3.041]
R_3: !!opencv-matrix
  rows: 3
  cols: 1
  dt: d
  data: [1.201, 2.301, -0.943]
Rot_3: !!opencv-matrix
  rows: 3
  cols: 3
  dt: d
  data: [-0.564, 0.826, 0.023, 0.572, 0.410, -0.710, -0.595, -0.387, -0.704]
T_3: !!opencv-matrix
  rows: 3
  cols: 1
  dt: d
  data: [-0.810, -0.319, 3.490]
R_4: !!opencv-matrix
  rows: 3
  cols: 1
  dt: d
  data: [2.158, -0.677, 0.190]
Rot_4: !!opencv-matrix
  rows: 3
  cols: 3
  dt: d
  data: [0.842, -0.530, -0.098, -0.402, -0.497, -0.769, 0.359, 0.687, -0.632]
T_4: !!opencv-matrix
  rows: 3
  cols: 1
  dt: d
  data: [0.283, 0.837, 2.329]
