%YAML:1.0
---
names:
  - "1"
  - "2"
  - "3"
  - "4"
R_1: !!opencv-matrix
  rows: 3
  cols: 1
  dt: d
  data: [1.959, -0.874, 0.685]
Rot_1: !!opencv-matrix
  rows: 3
  cols: 3
  dt: d
  data: [0.604, -0.787, 0.129, -0.314, -0.384, -0.869, 0.733, 0.484, -0.479]
T_1: !!opencv-matrix
  rows: 3
  cols: 1
  dt: d
  data: [-0.656, 1.107, 2.233]
R_2: !!opencv-matrix
  rows: 3
  cols: 1
  dt: d
  data: [2.041, 0.438, -0.230]
Rot_2: !!opencv-matrix
  rows: 3
  cols: 3
  dt: d
  data: [0.916, 0.400, 0.020, 0.210, -0.439, -0.873, -0.340, 0.805, -0.487]
T_2: !!opencv-matrix
  rows: 3
  cols: 1
  dt: d
  data: [-0.447, 0.987, 2.575]
R_3: !!opencv-matrix
  rows: 3
  cols: 1
  dt: d
  data: [1.100, 2.385, -1.533]
Rot_3: !!opencv-matrix
  rows: 3
  cols: 3
  dt: d
  data: [-0.734, 0.616, -0.285, 0.515, 0.232, -0.825, -0.443, -0.752, -0.488]
T_3: !!opencv-matrix
  rows: 3
  cols: 1
  dt: d
  data: [0.150, 0.505, 3.397]
R_4: !!opencv-matrix
  rows: 3
  cols: 1
  dt: d
  data: [0.546, -2.571, 1.381]
Rot_4: !!opencv-matrix
  rows: 3
  cols: 3
  dt: d
  data: [-0.918, -0.396, 0.021, -0.236, 0.503, -0.831, 0.319, -0.768, -0.555]
T_4: !!opencv-matrix
  rows: 3
  cols: 1
  dt: d
  data: [0.267, 0.442, 3.129]
