%YAML:1.0
---
names:
  - "1"
  - "2"
  - "3"
  - "4"
R_1: !!opencv-matrix
  rows: 3
  cols: 1
  dt: d
  data: [1.828, 0.864, -0.515]
Rot_1: !!opencv-matrix
  rows: 3
  cols: 3
  dt: d
  data: [0.653, 0.756, 0.037, 0.327, -0.237, -0.915, -0.683, 0.609, -0.403]
T_1: !!opencv-matrix
  rows: 3
  cols: 1
  dt: d
  data: [-0.546, 0.549, 3.206]
R_2: !!opencv-matrix
  rows: 3
  cols: 1
  dt: d
  data: [0.974, -2.132, 1.253]
Rot_2: !!opencv-matrix
  rows: 3
  cols: 3
  dt: d
  data: [-0.632, -0.773, -0.047, -0.335, 0.328, -0.883, 0.699, -0.543, -0.466]
T_2: !!opencv-matrix
  rows: 3
  cols: 1
  dt: d
  data: [1.262, 0.132, 3.495]
R_3: !!opencv-matrix
  rows: 3
  cols: 1
  dt: d
  data: [1.009, 1.990, -1.495]
Rot_3: !!opencv-matrix
  rows: 3
  cols: 3
  dt: d
  data: [-0.630, 0.773, -0.071, 0.283, 0.144, -0.948, -0.723, -0.618, -0.310]
T_3: !!opencv-matrix
  rows: 3
  cols: 1
  dt: d
  data: [-0.458, 0.573, 4.184]
R_4: !!opencv-matrix
  rows: 3
  cols: 1
  dt: d
  data: [1.929, -0.853, 0.489]
Rot_4: !!opencv-matrix
  rows: 3
  cols: 3
  dt: d
  data: [0.678, -0.735, -0.013, -0.360, -0.318, -0.877, 0.641, 0.599, -0.480]
T_4: !!opencv-matrix
  rows: 3
  cols: 1
  dt: d
  data: [0.006, 0.675, 2.516]
