%YAML:1.0
---
names:
  - "1"
  - "2"
  - "3"
  - "4"
R_1: !!opencv-matrix
  rows: 3
  cols: 1
  dt: d
  data: [2.050, -0.963, 0.514]
Rot_1: !!opencv-matrix
  rows: 3
  cols: 3
  dt: d
  data: [0.628, -0.777, 0.026, -0.454, -0.394, -0.799, 0.632, 0.490, -0.600]
T_1: !!opencv-matrix
  rows: 3
  cols: 1
  dt: d
  data: [-0.706, 0.172, 3.271]
R_2: !!opencv-matrix
  rows: 3
  cols: 1
  dt: d
  data: [0.663, 2.475, -1.642]
Rot_2: !!opencv-matrix
  rows: 3
  cols: 3
  dt: d
  data: [-0.901, 0.406, -0.155, 0.300, 0.324, -0.897, -0.314, -0.854, -0.414]
T_2: !!opencv-matrix
  rows: 3
  cols: 1
  dt: d
  data: [1.029, 0.179, 4.467]
R_3: !!opencv-matrix
  rows: 3
  cols: 1
  dt: d
  data: [1.236, -2.018, 1.523]
Rot_3: !!opencv-matrix
  rows: 3
  cols: 3
  dt: d
  data: [-0.571, -0.787, 0.232, -0.439, 0.054, -0.897, 0.693, -0.614, -0.377]
T_3: !!opencv-matrix
  rows: 3
  cols: 1
  dt: d
  data: [1.002, 1.041, 3.821]
R_4: !!opencv-matrix
  rows: 3
  cols: 1
  dt: d
  data: [1.809, 0.801, -0.446]
Rot_4: !!opencv-matrix
  rows: 3
  cols: 3
  dt: d
  data: [0.705, 0.705, 0.071, 0.311, -0.217, -0.925, -0.637, 0.675, -0.372]
T_4: !!opencv-matrix
  rows: 3
  cols: 1
  dt: d
  data: [-0.396, 0.649, 3.998]
