%YAML:1.0
---
names:
  - "1"
  - "2"
  - "3"
  - "4"
R_1: !!opencv-matrix
  rows: 3
  cols: 1
  dt: d
  data: [1.995, 1.054, -0.326]
Rot_1: !!opencv-matrix
  rows: 3
  cols: 3
  dt: d
  data: [0.613, 0.777, 0.144, 0.560, -0.298, -0.773, -0.558, 0.555, -0.617]
T_1: !!opencv-matrix
  rows: 3
  cols: 1
  dt: d
  data: [-0.699, 0.409, 2.778]
R_2: !!opencv-matrix
  rows: 3
  cols: 1
  dt: d
  data: [0.511, -2.497, 1.044]
Rot_2: !!opencv-matrix
  rows: 3
  cols: 3
  dt: d
  data: [-0.860, -0.467, -0.206, -0.181, 0.657, -0.732, 0.478, -0.592, -0.649]
T_2: !!opencv-matrix
  rows: 3
  cols: 1
  dt: d
  data: [0.959, 0.225, 3.041]
R_3: !!opencv-matrix
  rows: 3
  cols: 1
  dt: d
  data: [1.201, 2.301, -0.943]
Rot_3: !!opencv-matrix
  rows: 3
  cols: 3
  dt: d
  data: [-0.564, 0.826, 0.023, 0.572, 0.410, -0.710, -0.596, -0.387, -0.704]
T_3: !!opencv-matrix
  rows: 3
  cols: 1
  dt: d
  data: [-0.809, -0.319, 3.490]
R_4: !!opencv-matrix
  rows: 3
  cols: 1
  dt: d
  data: [2.158, -0.677, 0.190]
Rot_4: !!opencv-matrix
  rows: 3
  cols: 3
  dt: d
  data: [0.842, -0.530, -0.097, -0.402, -0.497, -0.769, 0.359, 0.687, -0.632]
T_4: !!opencv-matrix
  rows: 3
  cols: 1
  dt: d
  data: [0.282, 0.837, 2.330]
