%YAML:1.0
---
names:
  - "1"
  - "2"
  - "3"
  - "4"
R_1: !!opencv-matrix
  rows: 3
  cols: 1
  dt: d
  data: [-0.930, -0.486, -0.657]
Rot_1: !!opencv-matrix
  rows: 3
  cols: 3
  dt: d
  data: [0.706, 0.700, -0.102, -0.303, 0.430, 0.850, 0.640, -0.570, 0.516]
T_1: !!opencv-matrix
  rows: 3
  cols: 1
  dt: d
  data: [-2.331, 0.569, 7.032]
R_2: !!opencv-matrix
  rows: 3
  cols: 1
  dt: d
  data: [-0.493, 1.416, 2.233]
Rot_2: !!opencv-matrix
  rows: 3
  cols: 3
  dt: d
  data: [-0.836, -0.546, -0.059, 0.179, -0.373, 0.910, -0.519, 0.750, 0.410]
T_2: !!opencv-matrix
  rows: 3
  cols: 1
  dt: d
  data: [-0.827, 2.156, 5.454]
R_3: !!opencv-matrix
  rows: 3
  cols: 1
  dt: d
  data: [-0.142, -1.284, -2.320]
Rot_3: !!opencv-matrix
  rows: 3
  cols: 3
  dt: d
  data: [-0.879, 0.457, -0.138, -0.359, -0.444, 0.821, 0.314, 0.771, 0.554]
T_3: !!opencv-matrix
  rows: 3
  cols: 1
  dt: d
  data: [-1.000, 0.668, 6.479]
R_4: !!opencv-matrix
  rows: 3
  cols: 1
  dt: d
  data: [-1.078, 0.048, 0.010]
Rot_4: !!opencv-matrix
  rows: 3
  cols: 3
  dt: d
  data: [0.999, -0.032, 0.034, -0.015, 0.473, 0.881, -0.044, -0.881, 0.472]
T_4: !!opencv-matrix
  rows: 3
  cols: 1
  dt: d
  data: [-0.854, 1.060, 6.930]
