[cam_1]
name = "1"
size = [ 1913.79, 1085.758,]
matrix = [ [ 774.534, 0.0, 956.895,], [ 0.0, 773.439, 542.879,], [ 0.0, 0.0, 1.0,],]
distortions = [ 0.015, -0.014, 0.006, -0.003,]
rotation = [ 0.95, 2.16, -1.325,]
translation = [ -0.058, 0.112, 4.574,]
fisheye = false

[cam_2]
name = "2"
size = [ 1913.79, 1085.758,]
matrix = [ [ 774.534, 0.0, 956.895,], [ 0.0, 773.439, 542.879,], [ 0.0, 0.0, 1.0,],]
distortions = [ 0.015, -0.014, 0.006, -0.003,]
rotation = [ 1.996, -0.817, 0.4,]
translation = [ -0.252, -0.017, 4.003,]
fisheye = false

[cam_3]
name = "3"
size = [ 1913.79, 1085.758,]
matrix = [ [ 774.534, 0.0, 956.895,], [ 0.0, 773.439, 542.879,], [ 0.0, 0.0, 1.0,],]
distortions = [ 0.015, -0.014, 0.006, -0.003,]
rotation = [ 0.874, -2.372, 1.465,]
translation = [ -0.451, 0.282, 3.838,]
fisheye = false

[cam_4]
name = "4"
size = [ 1913.79, 1085.758,]
matrix = [ [ 774.534, 0.0, 956.895,], [ 0.0, 773.439, 542.879,], [ 0.0, 0.0, 1.0,],]
distortions = [ 0.015, -0.014, 0.006, -0.003,]
rotation = [ 2.011, 0.6, -0.445,]
translation = [ -0.34, 0.079, 4.318,]
fisheye = false

[metadata]
adjusted = false
error = 0.0
