%YAML:1.0
---
names:
  - "1"
  - "2"
  - "3"
  - "4"
R_1: !!opencv-matrix
  rows: 3
  cols: 1
  dt: d
  data: [0.950, 2.160, -1.325]
Rot_1: !!opencv-matrix
  rows: 3
  cols: 3
  dt: d
  data: [-0.672, 0.741, 0.008, 0.328, 0.308, -0.893, -0.664, -0.597, -0.450]
T_1: !!opencv-matrix
  rows: 3
  cols: 1
  dt: d
  data: [-0.058, 0.112, 4.574]
R_2: !!opencv-matrix
  rows: 3
  cols: 1
  dt: d
  data: [1.996, -0.817, 0.400]
Rot_2: !!opencv-matrix
  rows: 3
  cols: 3
  dt: d
  data: [0.728, -0.685, -0.040, -0.389, -0.364, -0.847, 0.565, 0.631, -0.531]
T_2: !!opencv-matrix
  rows: 3
  cols: 1
  dt: d
  data: [-0.252, -0.017, 4.003]
R_3: !!opencv-matrix
  rows: 3
  cols: 1
  dt: d
  data: [0.874, -2.372, 1.465]
Rot_3: !!opencv-matrix
  rows: 3
  cols: 3
  dt: d
  data: [-0.799, -0.589, 0.120, -0.371, 0.326, -0.870, 0.473, -0.739, -0.479]
T_3: !!opencv-matrix
  rows: 3
  cols: 1
  dt: d
  data: [-0.451, 0.282, 3.838]
R_4: !!opencv-matrix
  rows: 3
  cols: 1
  dt: d
  data: [2.011, 0.600, -0.445]
Rot_4: !!opencv-matrix
  rows: 3
  cols: 3
  dt: d
  data: [0.813, 0.579, -0.065, 0.230, -0.423, -0.877, -0.535, 0.698, -0.477]
T_4: !!opencv-matrix
  rows: 3
  cols: 1
  dt: d
  data: [-0.340, 0.079, 4.318]
